0 0 0 0 2 0 0 0 0 0
0 0 0 1 1 1 0 0 0 0
0 0 4 4 1 4 4 0 0 0
0 0 1 4 4 4 1 0 0 0
0 0 4 1 1 1 4 0 0 0
0 0 1 4 4 4 1 0 0 0
0 0 1 1 1 1 1 0 0 0
0 0 1 1 3 1 1 0 0 0
0 0 1 1 1 1 1 0 0 0
0 0 0 0 0 0 0 0 0 0

13 14 15 16 17 18 19 20 1 1
5 6 7 8 9 4 10 11 12 1
4 0 1 2 21 22 23 24 25 26
2 0 1 1 27 1 1 1 1 1
4 0 1 1 1 1 1 4 1 1
1 1 1 1 4 1 1 1 1 1
1 1 1 1 1 1 1 1 1 1
1 1 1 0 1 1 1 3 1 1
1 1 1 1 1 1 1 1 1 1
1 1 1 1 4 1 1 1 1 1

27 27 27 27 27 27 27 27 27 27 
27 27 27 27 27 27 27 27 27 27
27 27 27 27 27 27 27 27 27 27
27 27 27 27 27 27 27 27 27 27
27 27 27 27 24 6  0  3  27 27
27 27 27 24 6  6  0  4  27 27
27 2  14 6  6  6  1  21 27 27
27 27 27 27 27 27 27 27 27 27
27 27 27 27 27 27 27 27 27 27
27 27 27 27 27 27 27 27 27 27